-24.396 -5.918 0.523
-23.539 -5.414 1.624
-22.737 -4.201 1.154
-22.463 -3.302 1.922
-22.561 -6.511 2.061
-21.786 -6.803 0.915
-23.305 -7.816 2.370
-24.916 -6.711 0.841
-25.028 -5.198 0.236
-23.822 -6.185 -0.251
-24.176 -5.111 2.453
-21.928 -6.183 2.882
-22.300 -7.384 0.349
-24.293 -7.592 2.742
-23.390 -8.409 1.471
-22.763 -8.378 3.115
-22.375 -4.201 -0.102
-21.593 -3.056 -0.636
-20.460 -2.685 0.313
-19.393 -3.267 0.268
-22.533 -1.849 -0.774
-22.617 -4.949 -0.686
-21.172 -3.333 -1.601
-23.222 -1.826 0.058
-21.957 -0.936 -0.784
-23.092 -1.926 -1.695
-20.711 -1.721 1.157
-19.661 -1.303 2.116
-18.379 -0.898 1.379
-17.330 -1.476 1.585
-19.365 -2.502 3.039
-18.572 -2.024 4.256
-18.678 -0.841 4.540
-17.909 -2.867 4.836
-21.585 -1.277 1.155
-20.024 -0.454 2.689
-20.294 -2.940 3.373
-18.794 -3.247 2.509
-18.494 0.104 0.540
-17.304 0.573 -0.230
-16.919 1.994 0.171
-17.767 2.848 0.331
-17.672 0.566 -1.722
-16.444 0.938 -2.555
-15.438 0.258 -2.535
-16.483 2.009 -3.300
-19.361 0.546 0.420
-16.463 -0.088 -0.037
-18.012 -0.418 -2.008
-18.458 1.283 -1.907
-15.704 2.260 -3.840
-17.292 2.563 -3.322
-15.641 2.220 0.325
-15.185 3.578 0.713
-13.679 3.712 0.555
-12.989 4.096 1.480
-15.556 3.814 2.185
-15.135 5.232 2.593
-15.641 5.531 4.007
-14.836 4.702 5.007
-15.211 5.065 6.402
-14.991 1.502 0.185
-15.667 4.306 0.068
-16.622 3.697 2.315
-15.045 3.093 2.806
-14.056 5.309 2.570
-15.553 5.949 1.902
-15.519 6.580 4.229
-16.689 5.271 4.081
-15.035 3.652 4.851
-13.780 4.886 4.866
-16.244 5.159 6.469
-14.888 4.324 7.053
-14.765 5.969 6.656
-13.203 3.394 -0.618
-11.736 3.490 -0.880
-11.441 4.623 -1.852
-11.628 4.492 -3.044
-11.251 2.164 -1.499
-11.419 1.018 -0.486
-12.678 0.527 -0.159
-10.313 0.485 0.149
-12.816 -0.465 0.789
-10.458 -0.508 1.094
-11.707 -0.980 1.413
-13.812 3.102 -1.327
-11.216 3.695 0.053
-11.809 1.948 -2.392
-10.211 2.248 -1.752
-13.549 0.909 -0.652
-9.327 0.851 -0.097
-13.797 -0.834 1.042
-9.585 -0.921 1.578
-11.819 -1.732 2.177
-10.988 5.715 -1.315
-10.667 6.884 -2.168
-9.630 7.752 -1.484
-8.749 8.297 -2.116
-11.943 7.710 -2.359
-12.399 8.259 -1.008
-12.404 7.563 -0.011
-12.790 9.502 -0.927
-10.857 5.767 -0.346
-10.276 6.538 -3.121
-11.739 8.535 -3.021
-12.723 7.094 -2.781
-13.084 9.869 -0.067
-12.787 10.069 -1.726
-9.773 7.867 -0.195
-8.819 8.687 0.591
-7.390 8.500 0.084
-6.563 9.372 0.240
-8.938 8.244 2.081
-8.418 6.801 2.292
-8.452 6.467 3.797
-9.910 6.314 4.251
-9.969 5.835 5.662
-10.522 7.426 0.251
-9.092 9.737 0.484
-8.368 8.924 2.697
-9.973 8.296 2.381
-9.045 6.101 1.759
-7.402 6.717 1.931
-7.916 5.548 3.981
-7.983 7.263 4.358
-10.411 7.266 4.182
-10.417 5.603 3.618
-9.416 6.472 6.270
-10.958 5.824 5.984
-9.576 4.873 5.719
-7.128 7.358 -0.512
-5.750 7.093 -1.042
-5.550 5.601 -1.320
-4.751 5.231 -2.143
-4.702 7.513 0.027
-4.808 6.636 1.297
-3.789 7.124 2.327
-2.618 7.072 1.994
-4.240 7.524 3.388
-7.831 6.682 -0.611
-5.614 7.636 -1.972
-3.708 7.428 -0.385
-4.875 8.545 0.300
-5.798 6.690 1.723
-4.588 5.607 1.046
-6.287 4.784 -0.630
-6.150 3.311 -0.830
-6.128 2.904 -2.305
-5.355 2.053 -2.695
-7.347 2.628 -0.161
-7.069 1.131 -0.072
-8.242 0.423 0.612
-8.745 0.860 1.630
-8.703 -0.681 0.091
-6.930 5.134 0.022
-5.222 2.983 -0.369
-7.495 3.034 0.828
-8.232 2.797 -0.751
-6.933 0.722 -1.062
-6.177 0.971 0.504
-9.457 -1.144 0.511
-8.298 -1.045 -0.723
-6.961 3.507 -3.096
-6.983 3.138 -4.533
-5.638 3.432 -5.198
-4.866 2.524 -5.505
-8.082 3.963 -5.234
-9.460 3.549 -4.713
-9.725 2.089 -5.085
-9.236 1.592 -6.080
-10.495 1.371 -4.316
-7.556 4.207 -2.756
-7.189 2.072 -4.617
-7.928 5.009 -5.038
-8.039 3.791 -6.297
-9.499 3.660 -3.643
-10.219 4.171 -5.164
-10.674 0.435 -4.540
-10.892 1.769 -3.513
-5.378 4.692 -5.405
-4.096 5.075 -6.047
-2.917 4.523 -5.257
-1.958 4.034 -5.824
-4.004 6.612 -6.079
-4.971 7.161 -7.134
-5.380 8.304 -7.082
-5.362 6.382 -8.104
-6.023 5.380 -5.135
-4.071 4.664 -7.056
-4.265 7.014 -5.111
-2.997 6.912 -6.328
-5.983 6.719 -8.783
-5.036 5.459 -8.153
-3.011 4.609 -3.959
-1.909 4.093 -3.114
-1.630 2.646 -3.451
-0.536 2.302 -3.838
-2.334 4.169 -1.646
-3.799 5.006 -3.552
-1.011 4.682 -3.294
-3.227 3.582 -1.493
-1.545 3.777 -1.025
-2.527 5.195 -1.374
-2.640 1.823 -3.290
-2.476 0.381 -3.593
-1.646 0.186 -4.847
-0.504 -0.215 -4.783
-3.873 -0.212 -3.835
-3.775 -1.740 -3.958
-3.482 -2.526 -2.852
-3.993 -2.356 -5.177
-3.410 -3.901 -2.974
-3.918 -3.728 -5.294
-3.627 -4.498 -4.192
-3.505 2.163 -2.973
-1.985 -0.122 -2.755
-4.522 0.039 -3.012
-4.285 0.192 -4.747
-3.304 -2.063 -1.892
-4.226 -1.760 -6.042
-3.191 -4.509 -2.107
-4.087 -4.198 -6.251
-3.569 -5.574 -4.283
-2.210 0.517 -5.966
-1.446 0.335 -7.222
-0.012 0.864 -7.097
0.857 0.485 -7.854
-2.149 1.106 -8.347
-3.453 0.399 -8.730
-4.669 1.036 -8.583
-3.431 -0.898 -9.204
-5.842 0.386 -8.906
-4.602 -1.546 -9.528
-5.818 -0.911 -9.380
-6.993 -1.562 -9.702
-3.123 0.900 -5.979
-1.408 -0.731 -7.441
-2.370 2.109 -8.015
-1.504 1.155 -9.212
-4.702 2.051 -8.214
-2.488 -1.408 -9.325
-6.787 0.895 -8.785
-4.570 -2.561 -9.896
-6.771 -2.443 -10.010
0.205 1.726 -6.147
1.576 2.289 -5.964
2.466 1.361 -5.124
3.437 0.824 -5.620
1.445 3.643 -5.247
0.788 4.649 -6.193
0.595 5.981 -5.462
1.591 6.467 -4.950
-0.537 6.438 -5.461
-0.527 2.008 -5.566
2.033 2.417 -6.945
0.837 3.526 -4.362
2.423 3.999 -4.960
1.415 4.804 -7.057
-0.174 4.275 -6.513
2.121 1.198 -3.868
2.937 0.312 -2.977
3.397 -0.946 -3.715
4.408 -1.532 -3.382
2.056 -0.151 -1.798
0.830 -0.877 -2.316
1.587 1.069 -0.979
0.092 -1.515 -1.141
1.331 1.657 -3.513
3.803 0.865 -2.625
2.633 -0.837 -1.175
0.178 -0.179 -2.824
1.133 -1.637 -2.999
2.387 1.790 -0.890
0.744 1.528 -1.464
1.291 0.750 0.008
0.799 -2.001 -0.486
-0.436 -0.762 -0.594
-0.612 -2.246 -1.507
2.642 -1.330 -4.705
3.001 -2.554 -5.476
4.083 -2.277 -6.505
4.108 -2.876 -7.564
1.735 -3.034 -6.200
0.658 -3.423 -5.171
-0.662 -3.813 -5.897
1.181 -4.592 -4.307
1.831 -0.817 -4.940
3.362 -3.305 -4.789
1.366 -2.236 -6.823
1.963 -3.883 -6.823
0.467 -2.575 -4.530
-0.735 -3.278 -6.833
-0.694 -4.870 -6.098
-1.503 -3.552 -5.281
2.231 -4.525 -4.221
0.764 -4.529 -3.327
0.931 -5.542 -4.750
4.958 -1.382 -6.184
6.042 -1.069 -7.149
7.362 -0.717 -6.457
8.407 -0.864 -7.050
5.574 0.108 -8.012
6.633 0.377 -9.063
7.432 1.331 -9.032
6.962 -0.341 -10.193
8.229 1.293 -10.010
8.005 0.257 -10.810
4.885 -0.904 -5.334
6.214 -1.945 -7.772
4.659 -0.140 -8.502
5.435 0.986 -7.403
7.441 2.024 -8.337
6.473 -1.241 -10.522
9.004 2.004 -10.164
7.292 -0.307 -5.204
8.542 0.060 -4.457
9.718 -0.899 -4.835
9.922 -1.931 -4.191
8.226 -0.095 -2.970
9.394 0.457 -2.149
9.538 1.947 -2.447
9.126 0.268 -0.643
6.423 -0.242 -4.761
8.791 1.081 -4.682
7.325 0.460 -2.729
8.084 -1.127 -2.740
10.305 -0.056 -2.420
8.602 2.451 -2.247
10.307 2.369 -1.827
9.800 2.087 -3.485
8.245 -0.332 -0.492
9.969 -0.224 -0.183
8.980 1.231 -0.175
10.542 -0.485 -5.822
11.663 -1.319 -6.298
12.804 -1.508 -5.300
13.750 -2.208 -5.608
12.217 -0.555 -7.518
11.899 0.955 -7.314
10.554 1.047 -6.597
11.287 -2.286 -6.603
13.286 -0.699 -7.588
11.746 -0.912 -8.422
12.666 1.418 -6.708
11.842 1.457 -8.267
10.557 1.898 -5.933
9.754 1.134 -7.310
12.720 -0.918 -4.140
13.843 -1.100 -3.184
13.633 -2.227 -2.160
14.605 -2.697 -1.604
14.060 0.213 -2.451
14.564 1.257 -3.455
13.996 2.323 -3.596
15.624 0.990 -4.168
11.951 -0.350 -3.911
14.735 -1.341 -3.754
13.131 0.554 -2.017
14.798 0.079 -1.675
15.956 1.644 -4.817
16.087 0.132 -4.057
12.394 -2.659 -1.914
12.220 -3.773 -0.899
11.641 -5.023 -1.523
11.184 -5.016 -2.650
11.244 -3.382 0.244
11.650 -2.118 1.025
10.600 -1.690 2.045
12.985 -2.355 1.731
11.612 -2.278 -2.391
13.190 -4.034 -0.486
10.267 -3.225 -0.180
11.178 -4.206 0.937
11.769 -1.334 0.327
9.670 -2.189 1.867
10.950 -1.916 3.031
10.444 -0.622 1.966
13.738 -2.646 1.011
13.302 -1.450 2.228
12.873 -3.130 2.455
11.672 -6.087 -0.759
11.123 -7.357 -1.260
9.621 -7.369 -1.056
9.093 -6.665 -0.200
11.733 -8.518 -0.478
13.215 -8.637 -0.827
13.579 -9.108 -1.885
14.101 -8.221 0.032
12.062 -6.038 0.140
11.340 -7.442 -2.320
11.627 -8.331 0.582
11.230 -9.438 -0.732
15.052 -8.298 -0.173
13.813 -7.836 0.885
8.955 -8.182 -1.800
7.496 -8.222 -1.648
7.048 -9.099 -0.493
5.937 -8.999 -0.061
6.880 -8.695 -2.955
7.213 -10.182 -3.095
8.612 -10.340 -3.700
9.340 -9.364 -3.637
8.871 -11.427 -4.190
9.414 -8.770 -2.438
7.163 -7.214 -1.437
5.809 -8.557 -2.929
7.298 -8.143 -3.783
7.178 -10.656 -2.122
6.483 -10.658 -3.745
7.897 -9.943 0.004
7.436 -10.775 1.140
6.871 -9.843 2.213
5.701 -9.899 2.556
8.640 -11.545 1.715
8.171 -12.444 2.868
9.366 -13.217 3.428
9.963 -13.938 2.643
9.616 -13.044 4.611
8.804 -10.030 -0.358
6.650 -11.451 0.795
9.088 -12.151 0.941
9.376 -10.843 2.083
7.739 -11.842 3.652
7.430 -13.143 2.508
7.718 -8.973 2.689
7.289 -8.009 3.731
6.254 -7.036 3.162
5.170 -6.847 3.731
8.541 -7.212 4.159
8.202 -6.240 5.301
7.823 -7.040 6.545
8.256 -8.159 6.731
7.020 -6.505 7.423
8.639 -8.956 2.358
6.858 -8.550 4.570
9.305 -7.898 4.491
8.916 -6.655 3.316
9.065 -5.627 5.521
7.378 -5.605 5.023
6.770 -7.006 8.228
6.667 -5.602 7.279
6.585 -6.432 2.050
5.626 -5.483 1.468
4.319 -6.180 1.167
3.287 -5.761 1.648
6.260 -4.845 0.203
5.344 -3.779 -0.422
6.080 -3.137 -1.599
6.301 -4.162 -2.655
7.504 -4.626 -2.852
8.517 -3.812 -2.747
7.652 -5.888 -3.143
7.456 -6.609 1.610
5.425 -4.739 2.217
7.197 -4.390 0.470
6.456 -5.613 -0.517
4.433 -4.239 -0.775
5.104 -3.019 0.300
5.489 -2.329 -2.002
7.034 -2.754 -1.269
5.552 -4.484 -3.197
8.365 -2.851 -2.518
9.446 -4.149 -2.898
6.853 -6.482 -3.213
8.569 -6.261 -3.296
4.358 -7.214 0.377
3.088 -7.920 0.088
2.374 -8.155 1.399
1.180 -8.306 1.442
3.388 -9.284 -0.557
2.084 -9.926 -1.024
1.449 -10.669 -0.303
1.656 -9.666 -2.227
5.195 -7.497 -0.030
2.467 -7.302 -0.557
4.043 -9.157 -1.404
3.854 -9.936 0.168
0.823 -10.067 -2.549
2.170 -9.067 -2.810
3.146 -8.172 2.460
2.553 -8.389 3.799
1.512 -7.307 4.120
0.330 -7.605 4.278
4.119 -8.057 2.367
2.077 -9.358 3.824
3.336 -8.360 4.543
1.933 -6.058 4.204
0.908 -5.040 4.525
-0.300 -5.174 3.610
-1.426 -5.391 4.049
1.425 -3.574 4.403
2.116 -2.991 5.620
3.340 -2.359 5.491
1.412 -2.838 6.801
3.838 -1.582 6.505
1.914 -2.056 7.814
3.131 -1.426 7.666
2.885 -5.817 4.057
0.568 -5.225 5.546
2.139 -3.546 3.613
0.604 -2.934 4.153
3.896 -2.458 4.586
0.465 -3.339 6.929
4.782 -1.082 6.380
1.345 -1.920 8.711
3.529 -0.820 8.462
-0.064 -5.080 2.366
-1.183 -5.190 1.445
-1.834 -6.536 1.527
-2.996 -6.656 1.211
-0.700 -4.940 0.039
0.387 -5.900 -0.312
-0.164 -3.497 -0.031
0.698 -5.769 -1.802
0.844 -4.959 2.038
-1.924 -4.451 1.724
-1.510 -5.092 -0.644
1.270 -5.686 0.265
0.051 -6.900 -0.101
-0.193 -3.041 0.952
0.851 -3.499 -0.384
-0.775 -2.919 -0.700
-0.023 -5.135 -2.260
1.680 -5.340 -1.932
0.662 -6.732 -2.275
-1.112 -7.551 1.956
-1.794 -8.845 2.026
-3.052 -8.618 2.807
-4.049 -9.289 2.628
-0.937 -9.912 2.739
-1.661 -11.260 2.648
-1.740 -11.699 1.183
-0.745 -11.759 0.486
-2.900 -12.017 0.678
-0.178 -7.442 2.225
-2.050 -9.137 1.016
0.025 -9.992 2.265
-0.804 -9.646 3.772
-1.121 -12.004 3.213
-2.660 -11.166 3.045
-2.966 -12.301 -0.257
-3.704 -11.974 1.234
-2.968 -7.643 3.681
-4.146 -7.304 4.498
-5.090 -6.405 3.683
-6.283 -6.429 3.880
-3.689 -6.554 5.756
-3.155 -5.337 5.256
-2.107 -7.162 3.810
-4.670 -8.223 4.759
-4.525 -6.354 6.410
-2.929 -7.106 6.272
-3.723 -5.037 4.542
-4.531 -5.597 2.792
-5.396 -4.722 1.969
-6.426 -5.569 1.230
-7.615 -5.341 1.333
-4.488 -3.976 0.941
-5.316 -2.957 0.119
-5.918 -1.860 1.040
-4.441 -2.215 -0.926
-3.560 -5.545 2.696
-5.913 -4.020 2.619
-3.723 -3.460 1.489
-4.030 -4.682 0.284
-6.095 -3.490 -0.371
-6.020 -2.211 2.053
-5.275 -1.002 1.034
-6.889 -1.569 0.670
-3.499 -1.930 -0.488
-4.265 -2.832 -1.778
-4.954 -1.320 -1.252
-5.949 -6.542 0.496
-6.884 -7.417 -0.262
-7.700 -8.310 0.669
-8.912 -8.351 0.578
-6.077 -8.310 -1.236
-5.520 -7.482 -2.412
-4.606 -8.374 -3.269
-5.456 -9.447 -3.966
-4.609 -10.285 -4.864
-4.983 -6.693 0.446
-7.575 -6.784 -0.815
-5.257 -8.770 -0.703
-6.721 -9.088 -1.619
-6.326 -7.097 -3.014
-4.947 -6.653 -2.024
-4.093 -7.771 -4.002
-3.875 -8.853 -2.645
-5.916 -10.082 -3.222
-6.230 -8.975 -4.550
-3.749 -10.578 -4.356
-5.142 -11.129 -5.156
-4.345 -9.734 -5.705
-7.036 -9.009 1.546
-7.787 -9.895 2.475
-8.765 -9.087 3.320
-9.880 -9.504 3.560
-6.785 -10.581 3.410
-7.526 -11.606 4.268
-8.553 -12.067 3.795
-7.025 -11.872 5.349
-6.054 -8.952 1.593
-8.342 -10.630 1.896
-6.025 -11.082 2.828
-6.320 -9.847 4.051
-8.319 -7.945 3.748
-9.182 -7.070 4.582
-8.991 -5.596 4.172
-8.202 -4.890 4.767
-8.743 -7.233 6.049
-9.704 -6.453 6.951
-10.792 -6.172 6.472
-9.294 -6.184 8.070
-7.416 -7.660 3.515
-10.218 -7.363 4.461
-8.762 -8.278 6.324
-7.742 -6.848 6.178
-9.697 -5.169 3.131
-9.596 -3.784 2.647
-10.219 -2.777 3.632
-10.903 -1.854 3.241
-10.374 -3.785 1.304
-11.542 -4.803 1.443
-11.019 -5.996 2.253
-8.553 -3.533 2.487
-10.769 -2.806 1.095
-9.719 -4.088 0.502
-12.374 -4.342 1.960
-11.863 -5.133 0.466
-11.811 -6.401 2.866
-10.621 -6.757 1.600
-9.969 -2.975 4.895
-10.532 -2.044 5.900
-9.559 -0.900 6.182
-9.885 0.256 5.990
-10.769 -2.822 7.200
-11.779 -3.759 6.862
-9.420 -3.727 5.177
-11.464 -1.631 5.521
-9.872 -3.337 7.508
-11.116 -2.163 7.982
-11.974 -4.282 7.643
-8.377 -1.254 6.628
-7.350 -0.217 6.936
-6.222 -0.235 5.900
-5.097 0.138 6.187
-6.765 -0.535 8.319
-7.872 -0.432 9.368
-7.300 -0.756 10.750
-6.126 -1.034 10.897
-8.092 -0.730 11.787
-8.168 -2.202 6.760
-7.818 0.764 6.931
-6.355 -1.534 8.320
-5.987 0.164 8.552
-8.275 0.571 9.375
-8.661 -1.135 9.136
-7.739 -0.936 12.679
-9.041 -0.507 11.675
-6.550 -0.667 4.715
-5.527 -0.723 3.637
-4.725 0.569 3.556
-3.538 0.560 3.294
-6.253 -0.883 2.318
-5.207 -1.113 1.390
-7.469 -0.955 4.533
-4.862 -1.561 3.812
-6.901 -1.726 2.352
-6.804 0.010 2.068
-4.477 -0.536 1.617
-5.401 1.659 3.762
-4.719 2.974 3.703
-3.609 3.076 4.744
-2.473 3.406 4.433
-5.771 4.047 4.002
-6.360 1.611 3.957
-4.296 3.113 2.712
-6.763 3.616 3.914
-5.635 4.420 5.003
-5.671 4.857 3.301
-3.955 2.788 5.958
-2.954 2.862 7.042
-1.696 2.052 6.717
-0.592 2.543 6.872
-3.601 2.311 8.310
-4.622 3.318 8.842
-5.525 2.972 9.576
-4.513 4.573 8.497
-4.876 2.519 6.156
-2.672 3.901 7.181
-4.100 1.377 8.088
-2.846 2.143 9.055
-5.159 5.230 8.830
-3.786 4.856 7.904
-1.863 0.829 6.268
-0.654 0.038 5.955
0.180 0.801 4.961
1.387 0.876 5.074
-1.033 -1.298 5.305
0.132 -2.262 5.293
1.061 -1.884 4.146
0.910 -2.162 6.603
-2.756 0.457 6.128
-0.071 -0.114 6.862
-1.838 -1.737 5.857
-1.349 -1.117 4.291
-0.235 -3.250 5.145
0.514 -1.878 3.213
1.465 -0.903 4.326
1.870 -2.597 4.081
0.693 -1.221 7.082
0.635 -2.969 7.258
1.971 -2.219 6.397
-0.487 1.364 3.992
0.240 2.128 2.973
1.217 3.073 3.646
2.347 3.173 3.238
-0.817 2.868 2.065
-1.633 1.917 1.149
-2.743 2.705 0.439
-0.693 1.347 0.084
-1.464 1.278 3.945
0.818 1.425 2.384
-1.504 3.405 2.702
-0.297 3.585 1.447
-2.049 1.104 1.704
-3.365 3.204 1.159
-2.303 3.441 -0.212
-3.348 2.033 -0.146
0.140 2.018 -0.067
-0.320 0.384 0.405
-1.227 1.230 -0.847
0.785 3.722 4.683
1.709 4.648 5.372
2.925 3.878 5.875
4.057 4.316 5.734
0.973 5.268 6.570
-0.145 3.609 4.996
2.035 5.416 4.671
-0.084 5.058 6.496
1.355 4.848 7.490
1.124 6.338 6.578
2.665 2.727 6.432
3.775 1.896 6.960
4.750 1.493 5.855
5.926 1.324 6.104
3.171 0.620 7.573
4.282 -0.206 8.229
4.867 0.578 9.407
4.177 1.480 9.855
5.971 0.231 9.793
1.734 2.413 6.503
4.313 2.469 7.709
2.434 0.891 8.316
2.694 0.037 6.800
3.877 -1.139 8.589
5.064 -0.411 7.511
4.252 1.344 4.654
5.165 0.952 3.545
6.091 2.081 3.170
7.290 1.976 3.335
4.348 0.602 2.304
3.297 1.489 4.487
5.759 0.104 3.866
3.614 -0.142 2.547
3.856 1.483 1.939
5.008 0.223 1.533
5.517 3.145 2.648
6.358 4.302 2.250
7.417 4.533 3.311
8.499 5.012 3.024
5.484 5.581 2.101
4.517 5.457 0.894
5.300 5.420 -0.434
4.319 5.375 -1.630
5.076 5.310 -2.911
4.549 3.168 2.529
6.861 4.060 1.317
4.912 5.730 3.005
6.127 6.437 1.955
3.935 4.577 0.992
3.851 6.309 0.887
5.916 6.304 -0.513
5.935 4.552 -0.459
3.688 4.502 -1.549
3.694 6.262 -1.640
6.087 5.469 -2.725
4.946 4.373 -3.344
4.723 6.043 -3.558
7.087 4.186 4.529
8.072 4.365 5.616
9.168 3.312 5.476
10.345 3.620 5.536
7.363 4.173 6.965
8.350 4.476 8.093
7.646 4.299 9.443
6.628 5.426 9.644
6.009 5.327 10.994
6.187 3.832 4.722
8.515 5.356 5.539
6.518 4.842 7.029
7.016 3.154 7.051
9.188 3.798 8.031
8.710 5.490 7.999
7.136 3.345 9.463
8.376 4.325 10.237
7.121 6.382 9.551
5.853 5.352 8.895
6.580 4.694 11.592
5.971 6.272 11.428
5.046 4.945 10.907
8.757 2.078 5.282
9.756 0.995 5.128
10.587 1.251 3.867
11.704 0.786 3.751
8.992 -0.388 5.059
9.918 -1.602 5.415
10.476 -1.441 6.839
9.123 -2.932 5.364
7.798 1.876 5.241
10.424 1.022 5.991
8.170 -0.362 5.758
8.585 -0.516 4.070
10.746 -1.639 4.735
10.908 -0.462 6.961
9.693 -1.574 7.556
11.241 -2.189 7.012
8.080 -2.759 5.553
9.234 -3.389 4.400
9.507 -3.608 6.118
10.032 2.005 2.953
10.771 2.299 1.706
11.723 3.467 1.908
12.920 3.308 1.818
9.755 2.676 0.627
10.498 3.097 -0.645
11.524 2.544 -0.988
10.021 4.074 -1.372
9.132 2.368 3.086
11.343 1.419 1.411
9.123 1.828 0.410
9.146 3.493 0.976
10.487 4.345 -2.200
9.197 4.532 -1.099
11.163 4.618 2.191
12.013 5.820 2.403
13.271 5.474 3.186
14.326 6.019 2.937
11.204 6.848 3.207
11.997 8.152 3.307
12.327 8.668 2.251
12.227 8.561 4.432
10.191 4.684 2.268
12.299 6.225 1.435
10.262 7.039 2.712
11.016 6.469 4.199
13.141 4.570 4.117
14.328 4.186 4.917
15.280 3.314 4.105
16.449 3.620 3.978
13.854 3.388 6.141
12.265 4.152 4.291
14.852 5.088 5.225
12.776 3.385 6.179
14.211 2.370 6.071
14.243 3.840 7.041
14.760 2.247 3.559
15.622 1.340 2.756
15.556 1.661 1.259
15.916 0.843 0.437
15.121 -0.102 2.972
15.307 -0.493 4.441
14.793 -1.919 4.656
13.626 -2.137 4.911
15.631 -2.918 4.564
13.808 2.044 3.679
16.652 1.444 3.092
14.075 -0.163 2.713
15.677 -0.782 2.346
16.354 -0.447 4.704
14.752 0.184 5.073
15.317 -3.835 4.698
16.575 -2.748 4.358
15.116 2.846 0.915
15.045 3.165 -0.531
16.427 3.511 -1.126
16.822 2.928 -2.116
14.058 4.321 -0.777
14.837 3.497 1.591
14.695 2.279 -1.029
13.726 4.728 0.160
14.540 5.093 -1.354
13.202 3.952 -1.327
17.151 4.451 -0.523
18.473 4.822 -1.042
19.451 3.650 -0.969
19.158 2.626 -0.386
18.963 5.952 -0.118
17.716 6.555 0.590
16.710 5.411 0.807
18.383 5.165 -2.067
19.648 5.555 0.618
19.463 6.713 -0.699
18.000 6.983 1.539
17.274 7.319 -0.032
16.925 4.899 1.727
15.710 5.801 0.818
20.601 3.827 -1.565
21.611 2.739 -1.542
22.406 2.777 -0.244
23.617 2.674 -0.252
22.576 2.950 -2.718
23.372 4.234 -2.486
24.190 4.551 -3.742
25.318 3.527 -3.884
26.213 3.891 -5.020
20.796 4.672 -2.020
21.103 1.780 -1.622
23.251 2.111 -2.790
22.015 3.032 -3.638
22.694 5.049 -2.280
24.035 4.105 -1.644
23.550 4.507 -4.611
24.607 5.543 -3.661
25.899 3.501 -2.974
24.901 2.547 -4.064
25.767 4.636 -5.588
27.123 4.234 -4.649
26.376 3.052 -5.615
21.702 2.926 0.850
22.385 2.976 2.170
22.160 1.686 2.947
21.569 0.795 2.357
22.590 1.660 4.088
21.791 4.141 2.970
20.725 3.003 0.800
23.452 3.116 2.018
20.721 4.012 3.058
22.228 4.169 3.956
21.995 5.072 2.463
