0.000 0.000 0.000
1.458 0.000 0.000
2.009 1.420 0.000
1.251 2.390 -0.000
1.992 -0.760 -1.216
0.916 -1.315 -2.104
-0.423 -1.124 -1.798
1.240 -2.030 -3.247
-1.414 -1.634 -2.615
0.252 -2.540 -4.066
-1.077 -2.342 -3.749
-0.334 -0.943 -0.000
-0.334 0.471 0.816
-0.334 0.471 -0.816
1.804 -0.502 0.905
2.618 -0.097 -1.812
2.618 -1.586 -0.882
-0.690 -0.563 -0.902
2.290 -2.187 -3.497
-2.463 -1.477 -2.363
0.520 -3.100 -4.962
-1.857 -2.746 -4.393
3.332 1.536 0.000
3.988 2.839 0.000
5.504 2.693 0.000
6.084 2.455 -1.023
6.118 2.815 1.023
3.549 3.657 1.216
2.569 2.945 2.104
2.138 1.663 1.798
2.076 3.556 3.247
1.237 1.007 2.615
1.176 2.902 4.066
0.756 1.626 3.749
3.899 0.700 0.000
3.695 3.373 -0.905
4.422 3.918 1.812
3.091 4.587 0.882
2.520 1.173 0.902
2.408 4.564 3.497
0.907 -0.000 2.363
0.796 3.394 4.962
0.045 1.110 4.393
